Unnamed: 0,Date,Monthly_CPI,Monthly_Inflation,Monthly_Rate
0,1960-01-01,1.67898427363723,,
1,1960-02-01,1.67898427363723,1.0,0.0
2,1960-03-01,1.66441608038253,0.9913232104174864,-0.8676789582513722
3,1960-04-01,1.67898427363723,1.0087527352243266,0.8752735224326624
4,1960-05-01,1.68991041857826,1.0065075921868885,0.6507592186888456
5,1960-06-01,1.70447861187121,1.008620689672537,0.862068967253693
6,1960-07-01,1.73361499838062,1.0170940170832787,1.7094017083278734
7,1960-08-01,1.73361499838062,1.0,0.0
8,1960-09-01,1.71904680512592,0.9915966386606552,-0.8403361339344717
9,1960-10-01,1.71904680512592,1.0,0.0
10,1960-11-01,1.70447861187121,0.9915254237340893,-0.847457626591086
11,1960-12-01,1.70447861187121,1.0,0.0
12,1961-01-01,1.68991041857826,0.9914529914359226,-0.8547008564077418
13,1961-02-01,1.68991041857826,1.0,0.0
14,1961-03-01,1.70447861187121,1.008620689672537,0.862068967253693
15,1961-04-01,1.70447861187121,1.0,0.0
16,1961-05-01,1.70447861187121,1.0,0.0
17,1961-06-01,1.71904680512592,1.0085470085416424,0.8547008541642365
18,1961-07-01,1.74818319163532,1.0169491525318102,1.6949152531810174
19,1961-08-01,1.7591093366146,1.0062500000180523,0.6250000018052537
20,1961-09-01,1.7591093366146,1.0,0.0
21,1961-10-01,1.7591093366146,1.0,0.0
22,1961-11-01,1.7591093366146,1.0,0.0
23,1961-12-01,1.7591093366146,1.0,0.0
24,1962-01-01,1.74818319163532,0.9937888198579474,-0.6211180142052575
25,1962-02-01,1.74818319163532,1.0,0.0
26,1962-03-01,1.74818319163532,1.0,0.0
27,1962-04-01,1.7591093366146,1.0062500000180523,0.6250000018052537
28,1962-05-01,1.7736775298693,1.0082815734937411,0.8281573493741146
29,1962-06-01,1.788245723124,1.008213552356258,0.8213552356258091
30,1962-07-01,1.81374006131973,1.0142566191357596,1.4256619135759596
31,1962-08-01,1.82830825461269,1.008032128530237,0.8032128530236937
32,1962-09-01,1.82830825461269,1.0,0.0
33,1962-10-01,1.84287644786739,1.0079681274850374,0.7968127485037391
34,1962-11-01,1.82830825461269,0.9920948616650028,-0.7905138334997175
35,1962-12-01,1.80281391637871,0.9860557768802608,-1.3944223119739083
36,1963-01-01,1.788245723124,0.99191919192416,-0.8080808075840107
37,1963-02-01,1.7736775298693,0.9918533604938532,-0.8146639506146913
38,1963-03-01,1.788245723124,1.008213552356258,0.8213552356258091
39,1963-04-01,1.80281391637871,1.0081466395061522,0.8146639506152242
40,1963-05-01,1.81374006131973,1.006060606056873,0.6060606056873086
41,1963-06-01,1.84287644786739,1.0160642570393794,1.6064257039379417
42,1963-07-01,1.85744464112209,1.0079051383349973,0.7905138334997286
43,1963-08-01,1.87201283437679,1.0078431372500551,0.7843137250055143
44,1963-09-01,1.88293897935607,1.0058365758923429,0.5836575892342877
45,1963-10-01,1.89750717261077,1.007736943902283,0.7736943902282967
46,1963-11-01,1.89750717261077,1.0,0.0
47,1963-12-01,1.92664355912018,1.015355086362768,1.5355086362768056
48,1964-01-01,1.92664355912018,1.0,0.0
49,1964-02-01,1.95213789735416,1.0132325141894032,1.3232514189403188
50,1964-03-01,1.96670609060886,1.0074626865624836,0.7462686562483611
51,1964-04-01,1.98127428386356,1.007407407402796,0.7407407402795885
52,1964-05-01,2.02133681535225,1.0202205882421118,2.022058824211181
53,1964-06-01,2.06139934680268,1.019819819807442,1.9819819807441963
54,1964-07-01,2.11967211985974,1.0282685512379943,2.826855123799432
55,1964-08-01,2.14516645809372,1.0120274914196008,1.20274914196008
56,1964-09-01,2.1852289895824,1.018675721568144,1.867572156814412
57,1964-10-01,2.24350176260121,1.0266666666498625,2.6666666649862503
58,1964-11-01,2.24350176260121,1.0,0.0
59,1964-12-01,2.25442790758049,1.004870129884191,0.4870129884191332
60,1965-01-01,2.26899610083519,1.0064620355371376,0.6462035537137645
61,1965-02-01,2.22893356934651,0.982343499191588,-1.7656500808411857
62,1965-03-01,2.1852289895824,0.9803921568748576,-1.960784312514241
63,1965-04-01,2.19979718283711,1.006666666662469,0.6666666662469067
64,1965-05-01,2.21436537609181,1.0066225165521447,0.6622516552144742
65,1965-06-01,2.24350176260121,1.0131578947286577,1.315789472865747
66,1965-07-01,2.30905863232388,1.0292207792369463,2.922077923694655
67,1965-08-01,2.33819501883328,1.0126182965220232,1.2618296522023176
68,1965-09-01,2.36733140534268,1.012461059182283,1.2461059182282683
69,1965-10-01,2.36733140534268,1.0,0.0
70,1965-11-01,2.37825755032196,1.0046153846287096,0.4615384628709584
71,1965-12-01,2.37825755032196,1.0,0.0
72,1966-01-01,2.37825755032196,1.0,0.0
73,1966-02-01,2.39282574357667,1.006125574268749,0.6125574268748935
74,1966-03-01,2.39282574357667,1.0,0.0
75,1966-04-01,2.40739393683137,1.006088280057086,0.608828005708606
76,1966-05-01,2.48751899977048,1.0332829046851264,3.32829046851264
77,1966-06-01,2.54579177282754,1.023426061494379,2.3426061494379318
78,1966-07-01,2.58585430431623,1.015736766815062,1.5736766815061864
79,1966-08-01,2.61134864251195,1.0098591549234486,0.9859154923448576
80,1966-09-01,2.62591683580491,1.0055788005690984,0.557880056909843
81,1966-10-01,2.64048502905961,1.0055478502045685,0.5547850204568494
82,1966-11-01,2.66962141556901,1.0110344827517457,1.1034482751745456
83,1966-12-01,2.7096839470577,1.015006821287486,1.5006821287486094
84,1967-01-01,2.7096839470577,1.0,0.0
85,1967-02-01,2.7242521403124,1.0053763440826813,0.5376344082681284
86,1967-03-01,2.74974647854638,1.0093582887783128,0.9358288778312795
87,1967-04-01,2.77888286505579,1.0105960264834353,1.0596026483435272
88,1967-05-01,2.83351358979917,1.0196592398443118,1.965923984431184
89,1967-06-01,2.90271250779726,1.0244215938286694,2.442159382866937
90,1967-07-01,2.92820684603124,1.0087829360177756,0.8782936017775578
91,1967-08-01,2.95734323254064,1.009950248749978,0.9950248749978076
92,1967-09-01,2.94277503928594,0.995073891628675,-0.4926108371325011
93,1967-10-01,2.98283757073637,1.0136138613776442,1.36138613776442
94,1967-11-01,2.97191142579535,0.9963369963392532,-0.3663003660746677
95,1967-12-01,2.94277503928594,0.9901960784374276,-0.9803921562572372
96,1968-01-01,3.02654215053873,1.0284653465298916,2.8465346529891637
97,1968-02-01,2.98283757073637,0.9855595667833074,-1.444043321669264
98,1968-03-01,2.92820684603124,0.9816849816962566,-1.831501830374338
99,1968-04-01,2.94277503928594,1.0049751243749891,0.4975124374989148
100,1968-05-01,2.91728070105196,0.9913366336557734,-0.8663366344226597
101,1968-06-01,2.94277503928594,1.0087390761625328,0.8739076162532777
102,1968-07-01,2.92820684603124,0.9950495049535846,-0.4950495046415426
103,1968-08-01,2.99376371571565,1.0223880597005168,2.2388059700516827
104,1968-09-01,3.01197395728403,1.0060827250570197,0.6082725057019678
105,1968-10-01,3.02654215053873,1.0048367593682106,0.4836759368210597
106,1968-11-01,2.96098528085432,0.9783393501812816,-2.1660649818718403
107,1968-12-01,2.87721816960153,0.971709717101795,-2.829028289820501
108,1969-01-01,2.8590079279949,0.9936708860666092,-0.6329113933390751
109,1969-02-01,2.8444397347402,0.9949044586018628,-0.509554139813706
110,1969-03-01,2.8590079279949,1.0051216389212867,0.5121638921286698
111,1969-04-01,2.87721816960153,1.006369426761052,0.63694267610519
112,1969-05-01,2.90999660442461,1.0113924050561724,1.139240505617245
113,1969-06-01,2.99376371571565,1.0287859824866026,2.878598248660258
114,1969-07-01,3.01197395728403,1.0060827250570197,0.6082725057019678
115,1969-08-01,3.01197395728403,1.0,0.0
116,1969-09-01,3.01197395728403,1.0,0.0
117,1969-10-01,2.99376371571565,0.993954050789735,-0.6045949210265023
118,1969-11-01,2.9791955224227,0.9951338199416092,-0.4866180058390901
119,1969-12-01,2.9791955224227,1.0,0.0
120,1970-01-01,2.9791955224227,1.0,0.0
121,1970-02-01,2.9791955224227,1.0,0.0
122,1970-03-01,3.01197395728403,1.0110024449938333,1.1002444993833294
123,1970-04-01,3.04475239210711,1.0108827085784755,1.0882708578475508
124,1970-05-01,3.07753082696844,1.0107655502451698,1.0765550245169786
125,1970-06-01,3.11395131014345,1.011834319531703,1.1834319531702997
126,1970-07-01,3.12851950339815,1.0046783625701678,0.4678362570167849
127,1970-08-01,3.14672974496653,1.0058207217658703,0.582072176587034
128,1970-09-01,3.16129793822123,1.0046296296267587,0.4629629626758724
129,1970-10-01,3.17950817982786,1.00576036867214,0.5760368672139915
130,1970-11-01,3.17950817982786,1.0,0.0
131,1970-12-01,3.12851950339815,0.9839633447860888,-1.6036655213911175
132,1971-01-01,3.09574106853682,0.989522700809208,-1.0477299190791878
133,1971-02-01,3.09574106853682,1.0,0.0
134,1971-03-01,3.09574106853682,1.0,0.0
135,1971-04-01,3.09574106853682,1.0,0.0
136,1971-05-01,3.09574106853682,1.0,0.0
137,1971-06-01,3.14672974496653,1.0164705882374747,1.6470588237474717
138,1971-07-01,3.19771842139624,1.0162037037058145,1.6203703705814254
139,1971-08-01,3.26327529108065,1.0205011389513732,2.0501138951373177
140,1971-09-01,3.29605372594198,1.010044642862624,1.0044642862623965
141,1971-10-01,3.29605372594198,1.0,0.0
142,1971-11-01,3.31426396751036,1.0055248618749912,0.5524861874991238
143,1971-12-01,3.28148553264903,0.9901098901045132,-0.9890109895486776
144,1972-01-01,3.26327529108065,0.99445061043628,-0.5549389563719864
145,1972-02-01,3.24506504951227,0.9944196428606092,-0.5580357139390868
146,1972-03-01,3.26327529108065,1.0056116722748336,0.5611672274833612
147,1972-04-01,3.28148553264903,1.005580357139391,0.558035713939109
148,1972-05-01,3.29605372594198,1.0044395116626308,0.443951166263079
149,1972-06-01,3.37982083719477,1.0254143646365623,2.5414364636562548
150,1972-07-01,3.44901975519286,1.0204741379296085,2.0474137929608283
151,1972-08-01,3.48179819005419,1.0095036958869197,0.950369588691946
152,1972-09-01,3.50000843162257,1.005230125519738,0.5230125519738005
153,1972-10-01,3.51457662487727,1.0041623309027137,0.4162330902713451
154,1972-11-01,3.53278686644565,1.0051813471470454,0.5181347147045434
155,1972-12-01,3.53278686644565,1.0,0.0
156,1973-01-01,3.53278686644565,1.0,0.0
157,1973-02-01,3.58377554287536,1.0144329896926416,1.4432989692641618
158,1973-03-01,3.63476421930507,1.0142276422782883,1.4227642278288544
159,1973-04-01,3.71853133055786,1.023046092180583,2.3046092180583067
160,1973-05-01,3.83507687667198,1.0313418217446175,3.1341821744617526
161,1973-06-01,3.91884398796302,1.0218423551821292,2.184235518212918
162,1973-07-01,4.0863782104686,1.042750929360845,4.275092936084501
163,1973-08-01,4.15557712850494,1.0169340463540708,1.6934046354070809
164,1973-09-01,4.17378737007332,1.0043821209437958,0.4382120943795753
165,1973-10-01,4.27212267458081,1.0235602094185652,2.356020941856518
166,1973-11-01,4.35588978587185,1.019607843143048,1.9607843143047976
167,1973-12-01,4.37410002744023,1.0041806020040829,0.4180602004082878
168,1974-01-01,4.43965689712464,1.0149875104074322,1.498751040743218
169,1974-02-01,4.49064557355435,1.0114848236274143,1.148482362741432
170,1974-03-01,4.62540136123685,1.030008110298458,3.000811029845796
171,1974-04-01,4.76015714891935,1.0291338582661864,2.913385826618642
172,1974-05-01,4.94590161303156,1.0390206579953725,3.9020657995372474
173,1974-06-01,5.06244715914568,1.0235640648020663,2.356406480206652
174,1974-07-01,5.23362343000319,1.033812949642006,3.3812949642006096
175,1974-08-01,5.40115765254702,1.0320111343096243,3.2011134309624545
176,1974-09-01,5.61968055148231,1.0404585300027749,4.045853000277466
177,1974-10-01,5.63424874477526,1.0025923525651483,0.2592352565148337
178,1974-11-01,5.5686918750526,0.9883645765935608,-1.1635423406439305
179,1974-12-01,5.48492476379981,0.9849574885570412,-1.504251144295876
180,1975-01-01,5.48492476379981,1.0,0.0
181,1975-02-01,5.46671452223143,0.9966799468812104,-0.332005311878969
182,1975-03-01,5.40115765254702,0.9880079946706912,-1.1992005329308886
183,1975-04-01,5.4339360873701,1.0060687794972292,0.6068779497229171
184,1975-05-01,5.49949295705451,1.012064343163105,1.2064343163104674
185,1975-06-01,5.51770319866114,1.0033112582830517,0.3311258283051455
186,1975-07-01,5.45214632897673,0.988118811881669,-1.1881188118331054
187,1975-08-01,5.40115765254702,0.990647962590674,-0.9352037409325996
188,1975-09-01,5.36837921768569,0.9939312204956888,-0.6068779504311062
189,1975-10-01,5.31739054125598,0.9905020352769172,-0.949796472308284
190,1975-11-01,5.2991802996876,0.9965753424678716,-0.3424657532128283
191,1975-12-01,5.14621427043672,0.9711340206220388,-2.8865979377961093
192,1976-01-01,5.01510053102965,0.9745222929872402,-2.5477707012759754
193,1976-02-01,4.88034474334715,0.9731299927391818,-2.687000726081823
194,1976-03-01,4.81114582534906,0.9858208955233292,-1.41791044766707
195,1976-04-01,4.86213450177877,1.0105980317954737,1.0598031795473697
196,1976-05-01,4.88034474334715,1.003745318349733,0.3745318349732685
197,1976-06-01,4.8949129366401,1.0029850746328546,0.2985074632854578
198,1976-07-01,4.99689028946127,1.020833333328124,2.083333332812387
199,1976-08-01,5.01510053102965,1.0036443148665457,0.3644314866545484
200,1976-09-01,5.08065740075231,1.0130718954320146,1.307189543201459
201,1976-10-01,5.11343583557539,1.0064516128991945,0.645161289919427
202,1976-11-01,5.14621427043672,1.0064102564137565,0.6410256413756477
203,1976-12-01,5.14621427043672,1.0,0.0
204,1977-01-01,5.1644245120051,1.0035385704153423,0.3538570415342335
205,1977-02-01,5.21541318843481,1.0098730606500652,0.9873060650065212
206,1977-03-01,5.24819162325789,1.0062849161971992,0.6284916197199175
207,1977-04-01,5.26640186486452,1.0034698126352568,0.3469812635256808
208,1977-05-01,5.35016897611731,1.015905947438545,1.590594743854501
209,1977-06-01,5.38294741094039,1.0061266167422749,0.6126616742274882
210,1977-07-01,5.46671452223143,1.01556156969336,1.5561569693359978
211,1977-08-01,5.49949295705451,1.005996002661156,0.5996002661156075
212,1977-09-01,5.5686918750526,1.0125827814561204,1.258278145612035
213,1977-10-01,5.55048163348422,0.996729888818241,-0.3270111181759016
214,1977-11-01,5.55048163348422,1.0,0.0
215,1977-12-01,5.55048163348422,1.0,0.0
216,1978-01-01,5.46671452223143,0.9849081364854086,-1.5091863514591353
217,1978-02-01,5.38294741094039,0.9846768820741626,-1.5323117925837404
218,1978-03-01,5.40115765254702,1.003382949937356,0.3382949937355883
219,1978-04-01,5.41572584580172,1.0026972353321015,0.2697235332101533
220,1978-05-01,5.4339360873701,1.0033624747793497,0.3362474779349478
221,1978-06-01,5.49949295705451,1.012064343163105,1.2064343163104674
222,1978-07-01,5.55048163348422,1.009271523180024,0.9271523180024
223,1978-08-01,5.5686918750526,1.003280839892979,0.3280839892978671
224,1978-09-01,5.65245898634364,1.0150425114498274,1.5042511449827378
225,1978-10-01,5.72165790434173,1.0122422680403829,1.2242268040382864
226,1978-11-01,5.72165790434173,1.0,0.0
227,1978-12-01,5.63424874477526,0.9847231063045306,-1.5276893695469362
228,1979-01-01,5.58690211665923,0.9915966386539226,-0.8403361346077443
229,1979-02-01,5.53591344022952,0.990873533245254,-0.9126466754745932
230,1979-03-01,5.58690211665923,1.0092105263169715,0.92105263169715
231,1979-04-01,5.67066922791202,1.014993481092681,1.499348109268106
232,1979-05-01,5.70344766277335,1.0057803468239672,0.578034682396722
233,1979-06-01,5.80542501559452,1.0178799489099866,1.7879948909986565
234,1979-07-01,5.94018080331527,1.0232120451747753,2.3212045174775264
235,1979-08-01,6.05672634939114,1.0196198651076118,1.9619865107611825
236,1979-09-01,6.10771502582085,1.0084185207467455,0.8418520746745539
237,1979-10-01,6.14049346068218,1.0053667262998938,0.5366726299893765
238,1979-11-01,6.19148213711189,1.00830367734388,0.8303677343880045
239,1979-12-01,6.29345948993306,1.016470588231195,1.6470588231195071
240,1980-01-01,6.24247081350335,0.9918981481470928,-0.8101851852907127
241,1980-02-01,6.20605033036659,0.9941656942859906,-0.5834305714009447
242,1980-03-01,6.27524924836468,1.0111502347410066,1.1150234741006626
243,1980-04-01,6.30802768318776,1.005223447472086,0.5223447472086029
244,1980-05-01,6.42821527761556,1.0190531177832536,1.905311778325358
245,1980-06-01,6.49377214733822,1.0101983002888757,1.0198300288875473
246,1980-07-01,6.62852793502072,1.0207515423431874,2.0751542343187435
247,1980-08-01,6.67951661145043,1.0076923076932844,0.7692307693284439
248,1980-09-01,6.76328372270322,1.0125408942181822,1.2540894218182164
249,1980-10-01,6.82884059238763,1.0096930533114183,0.9693053311418344
250,1980-11-01,6.91260770364042,1.0122666666646412,1.2266666664641157
251,1980-12-01,6.86526107556264,0.993150684935752,-0.6849315064247907
252,1981-01-01,6.91260770364042,1.0068965517198338,0.6896551719833832
253,1981-02-01,7.03279529806822,1.0173867228664668,1.7386722866466808
254,1981-03-01,7.06557373292955,1.00466079751679,0.4660797516790049
255,1981-04-01,7.18211927904367,1.016494845361383,1.6494845361382682
256,1981-05-01,7.28409663186484,1.014198782957939,1.4198782957939082
257,1981-06-01,7.38607398472426,1.0140000000018274,1.400000000182744
258,1981-07-01,7.52082977240676,1.0182445759359031,1.824457593590312
259,1981-08-01,7.63737531852088,1.0154963680392974,1.5496368039297437
260,1981-09-01,7.67015375338221,1.004291845495905,0.4291845495904889
261,1981-10-01,7.7393526713803,1.009021842354539,0.9021842354538956
262,1981-11-01,7.77213110620338,1.0042352941150094,0.4235294115009447
263,1981-12-01,7.7393526713803,0.9957825679501318,-0.4217432049868241
264,1982-01-01,7.72114242977367,0.9976470588200522,-0.2352941179947776
265,1982-02-01,7.70657423651897,0.9981132075483384,-0.1886792451661567
266,1982-03-01,7.68836399495059,0.9976370510411634,-0.2362948958836597
267,1982-04-01,7.72114242977367,1.0042633822806266,0.4263382280626615
268,1982-05-01,7.77213110620338,1.0066037735857702,0.6603773585770245
269,1982-06-01,7.90688689388588,1.0173383317704128,1.7338331770412774
270,1982-07-01,8.04164268160663,1.0170428374060785,1.7042837406078482
271,1982-08-01,8.20917690411221,1.020833333329865,2.0833333329864923
272,1982-09-01,8.22738714571884,1.002218278619079,0.2218278619078972
273,1982-10-01,8.26016558054192,1.0039840637425377,0.398406374253768
274,1982-11-01,8.34393269183296,1.0101410934773956,1.0141093477395555
275,1982-12-01,8.36214293340134,1.0021824530758985,0.2182453075898482
276,1983-01-01,8.32572245022633,0.9956445993012708,-0.4355400698729306
277,1983-02-01,8.41313160983105,1.0104986876667197,1.0498687666719464
278,1983-03-01,8.44591004465413,1.0038961038936771,0.3896103893677116
279,1983-04-01,8.54788739751355,1.0120741699023856,1.2074169902385634
280,1983-05-01,8.76641029644884,1.0255645504875104,2.5564550487510385
281,1983-06-01,8.966722953854,1.0228500207760414,2.285002077604137
282,1983-07-01,9.1014787415365,1.0150284321681402,1.5028432168140204
283,1983-08-01,9.236234529219,1.0148059223681438,1.480592236814382
284,1983-09-01,9.32000164047179,1.0090694006294223,0.9069400629422296
285,1983-10-01,9.38555851019445,1.007033997659183,0.7033997659182889
286,1983-11-01,9.43654718658591,1.0054326736481454,0.543267364814537
287,1983-12-01,9.40376875176283,0.996526437671008,-0.3473562328992097
288,1984-01-01,9.47296766976092,1.0073586367152123,0.735863671521253
289,1984-02-01,9.43654718658591,0.9961553248734007,-0.384467512659925
290,1984-03-01,9.38555851019445,0.9945966808215676,-0.5403319178432286
291,1984-04-01,9.40376875176283,1.0019402405886235,0.194024058862352
292,1984-05-01,9.45475742819254,1.0054221533701744,0.5422153370174376
293,1984-06-01,9.65507008555945,1.0211864406769031,2.118644067690312
294,1984-07-01,9.84081454967166,1.0192380233873204,1.923802338732039
295,1984-08-01,9.85902479124004,1.001850481123942,0.1850481123941927
296,1984-09-01,9.91001346766975,1.0051717768754385,0.5171776875438461
297,1984-10-01,9.96100214409946,1.0051451672185971,0.5145167218597146
298,1984-11-01,10.0083487722155,1.0047531992696224,0.4753199269622365
299,1984-12-01,9.89180322610137,0.9883551673940784,-1.164483260592153
300,1985-01-01,9.89180322610137,1.0,0.0
301,1985-02-01,9.84081454967166,0.9948453608240844,-0.5154639175915632
302,1985-03-01,9.85902479124004,1.001850481123942,0.1850481123941927
303,1985-04-01,9.99378057892254,1.0136682674540216,1.366826745402161
304,1985-05-01,10.0921158834683,1.009839650147328,0.9839650147328128
305,1985-06-01,10.1940932363277,1.0101046553603736,1.0104655360373638
306,1985-07-01,10.3470592655786,1.0150053590549664,1.500535905496636
307,1985-08-01,10.3980479420083,1.0049278423096817,0.4927842309681463
308,1985-09-01,10.412616135263,1.0014010507872195,0.1401050787219748
309,1985-10-01,10.5145934881224,1.0097936341390754,0.9793634139075412
310,1985-11-01,10.5983605993752,1.0079667474874254,0.796674748742543
311,1985-12-01,10.5983605993752,1.0,0.0
312,1986-01-01,10.5801503578068,0.9982817869426454,-0.1718213057354645
313,1986-02-01,10.6493492758049,1.0065404475038522,0.6540447503852187
314,1986-03-01,10.7331163870577,1.0078659370712084,0.7865937071208418
315,1986-04-01,10.8168834983487,1.0078045469992305,0.7804546999230277
316,1986-05-01,10.9516392860312,1.0124579124572315,1.245791245723149
317,1986-06-01,11.0681848321454,1.0106418357170377,1.0641835717037695
318,1986-07-01,11.2393611030029,1.0154656136894598,1.5465613689459756
319,1986-08-01,11.3049179726873,1.005832793259653,0.5832793259652913
320,1986-09-01,11.3741168906854,1.0061211340201923,0.612113402019232
321,1986-10-01,11.5234408716226,1.0131284021759517,1.312840217595146
322,1986-11-01,11.6399864177367,1.0101137800256434,1.0113780025643448
323,1986-12-01,11.5744295480523,0.9943679599501504,-0.563204004984974
324,1987-01-01,11.5744295480523,1.0,0.0
325,1987-02-01,11.5416511132292,0.9971680302094356,-0.2831969790564437
326,1987-03-01,11.5416511132292,1.0,0.0
327,1987-04-01,11.625418224482,1.0072578100335043,0.7257810033504342
328,1987-05-01,11.8257308818489,1.0172305764402574,1.7230576440257384
329,1987-06-01,12.0296855875295,1.017246689250611,1.7246689250610905
330,1987-07-01,12.1790095685049,1.0124129579188834,1.2412957918883416
331,1987-08-01,12.3829642741855,1.0167464114822629,1.6746411482262855
332,1987-09-01,12.532288255161,1.0120588235311954,1.2058823531195362
333,1987-10-01,12.6160553664138,1.0066841034571885,0.6684103457188284
334,1987-11-01,12.6998224776666,1.0066397228626471,0.6639722862647135
335,1987-12-01,12.6524758495888,0.9962718669366392,-0.3728133063360728
336,1988-01-01,12.6670440428435,1.001151410477118,0.1151410477117975
337,1988-02-01,12.6014871731591,0.9948246118460892,-0.5175388153910943
338,1988-03-01,12.6670440428435,1.0052023121385256,0.5202312138525622
339,1988-04-01,12.8345782653873,1.0132259919502256,1.3225991950225555
340,1988-05-01,12.9693340530698,1.0104994324625307,1.0499432462530711
341,1988-06-01,13.155078517182,1.0143218197134984,1.432181971349844
342,1988-07-01,13.3736014161173,1.0166112956794506,1.6611295679450633
343,1988-08-01,13.4573685274084,1.0062636165595715,0.6263616559571528
344,1988-09-01,13.5593458802295,1.007577807846564,0.7577807846564033
345,1988-10-01,13.8470676972011,1.0212194466837163,2.1219446683716336
346,1988-11-01,13.92998427022,1.0059880239507792,0.5988023950779242
347,1988-12-01,13.7641511241823,0.9880952380978474,-1.1904761902152616
348,1989-01-01,13.6812345511253,0.9939759036130223,-0.602409638697754
349,1989-02-01,13.6812345511253,1.0,0.0
350,1989-03-01,13.7641511241823,1.006060606062059,0.6060606062058937
351,1989-04-01,13.8470676972011,1.0060240963842022,0.6024096384202204
352,1989-05-01,14.012900843277,1.0119760479043098,1.197604790430984
353,1989-06-01,14.0958174162958,1.005917159762005,0.5917159762004687
354,1989-07-01,14.2616505623717,1.011764705882483,1.1764705882483018
355,1989-08-01,14.4274837084476,1.011627906976871,1.1627906976870994
356,1989-09-01,14.5933168545234,1.0114942528736803,1.1494252873680333
357,1989-10-01,14.5933168545234,1.0,0.0
358,1989-11-01,14.5933168545234,1.0,0.0
359,1989-12-01,14.5104002815046,0.9943181818194334,-0.5681818180566567
360,1990-01-01,14.4274837084476,0.9942857142843476,-0.5714285715652356
361,1990-02-01,14.5104002815046,1.005747126438164,0.5747126438164107
362,1990-03-01,14.6762334275805,1.011428571428679,1.1428571428679035
363,1990-04-01,14.9249831466752,1.0169491525412258,1.6949152541225754
364,1990-05-01,15.090816292751,1.0111111111112203,1.111111111122054
365,1990-06-01,15.339566011884,1.0164835164849555,1.6483516484955718
366,1990-07-01,15.6712323040357,1.021621621621808,2.162162162180792
367,1990-08-01,15.7541488770545,1.0052910052898296,0.529100528982962
368,1990-09-01,15.8370654500733,1.0052631578935731,0.5263157893573345
369,1990-10-01,16.1687317422251,1.0209424083771947,2.0942408377194743
370,1990-11-01,16.417481461358,1.0153846153859605,1.5384615385960476
371,1990-12-01,16.5003980343768,1.0050505050493863,0.5050505049386533
372,1991-01-01,16.7491477535097,1.0150753768857368,1.507537688573679
373,1991-02-01,16.7491477535097,1.0,0.0
374,1991-03-01,16.6662311804527,0.9950495049493115,-0.4950495050688341
375,1991-04-01,16.7491477535097,1.0049751243793046,0.4975124379304585
376,1991-05-01,16.9149808995856,1.0099009900991025,0.990099009910228
377,1991-06-01,17.3295637647561,1.0245098039206568,2.4509803920656825
378,1991-07-01,17.7441466299649,1.023923444977418,2.392344497741794
379,1991-08-01,17.9928963490596,1.014018691587829,1.4018691587829313
380,1991-09-01,18.3245626412113,1.0184331797236768,1.8433179723676751
381,1991-10-01,18.4903957872872,1.009049773755743,0.9049773755742674
382,1991-11-01,18.6562289333631,1.008968609865556,0.8968609865556143
383,1991-12-01,18.6562289333631,1.0,0.0
384,1992-01-01,18.9049786524578,1.0133333333324324,1.3333333332432362
385,1992-02-01,18.9878952255148,1.0043859649133338,0.4385964913333762
386,1992-03-01,18.9878952255148,1.0,0.0
387,1992-04-01,19.1537283715907,1.008733624454229,0.8733624454229094
388,1992-05-01,19.4024780906854,1.0129870129861325,1.2987012986132471
389,1992-06-01,19.5683112367612,1.0085470085470891,0.8547008547089341
390,1992-07-01,20.0658106749888,1.0254237288138075,2.54237288138075
391,1992-08-01,20.0658106749888,1.0,0.0
392,1992-09-01,20.1487272480076,1.0041322314040444,0.4132231404044395
393,1992-10-01,20.2316438210647,1.0041152263384427,0.4115226338442745
394,1992-11-01,20.2316438210647,1.0,0.0
395,1992-12-01,20.1487272480076,0.995901639343276,-0.4098360656723865
396,1993-01-01,19.9828941019318,0.9917695473250204,-0.8230452674979571
397,1993-02-01,19.9828941019318,1.0,0.0
398,1993-03-01,20.1487272480076,1.008298755186806,0.8298755186805895
399,1993-04-01,20.3145603940835,1.0082304526749848,0.823045267498479
400,1993-05-01,20.3974769671406,1.004081632654047,0.4081632654046929
401,1993-06-01,20.7291432592923,1.0162601626017769,1.626016260177665
402,1993-07-01,20.977892978387,1.011999999999189,1.1999999999189104
403,1993-08-01,21.2266426975199,1.0118577075109103,1.1857707510910531
404,1993-09-01,21.4753924166146,1.0117187499992055,1.1718749999205746
405,1993-10-01,21.7241421357475,1.0115830115840143,1.158301158401431
406,1993-11-01,21.9728918548422,1.011450381678611,1.14503816786109
407,1993-12-01,21.8899752817851,0.9962264150934314,-0.377358490656865
408,1994-01-01,21.8070587087663,0.9962121212129554,-0.3787878787044563
409,1994-02-01,21.9728918548422,1.0076045627377177,0.760456273771748
410,1994-03-01,22.1387250009181,1.0075471698113945,0.7547169811394472
411,1994-04-01,22.3045581469939,1.007490636704188,0.7490636704188036
412,1994-05-01,22.5533078660886,1.0111524163561258,1.115241635612585
413,1994-06-01,22.9678907312974,1.0183823529422118,1.83823529422118
414,1994-07-01,23.2995570234492,1.0144404332131314,1.4440433213131376
415,1994-08-01,23.5483067425438,1.010676156582902,1.0676156582902108
416,1994-09-01,23.8799730346956,1.0140845070423934,1.408450704239339
417,1994-10-01,23.9628896077144,1.0034722222214545,0.3472222221454268
418,1994-11-01,24.1287227537902,1.0069204152249824,0.6920415224982435
419,1994-12-01,23.9628896077144,0.993127147766255,-0.6872852233745008
420,1995-01-01,23.9628896077144,1.0,0.0
421,1995-02-01,24.1287227537902,1.0069204152249824,0.6920415224982435
422,1995-03-01,24.2945558998661,1.0068728522337491,0.6872852233749116
423,1995-04-01,24.460389045942,1.006825938566624,0.6825938566624057
424,1995-05-01,24.8749719111508,1.0169491525433272,1.6949152543327184
425,1995-06-01,25.3724713493784,1.0200000000001843,2.0000000000184315
426,1995-07-01,25.9528873606248,1.0228758169929166,2.287581699291663
427,1995-08-01,26.1187205067007,1.00638977635789,0.6389776357889954
428,1995-09-01,26.2845536527765,1.006349206349264,0.6349206349264058
429,1995-10-01,26.4503867988524,1.0063091482650453,0.630914826504525
430,1995-11-01,26.6162199449283,1.0062695924765492,0.6269592476549235
431,1995-12-01,26.2845536527765,0.98753894080985,-1.2461059190149948
432,1996-01-01,26.1187205067007,0.9936908517349587,-0.6309148265041253
433,1996-02-01,26.2016370797195,1.0031746031739008,0.3174603173900836
434,1996-03-01,26.4503867988524,1.0094936708869018,0.9493670886901784
435,1996-04-01,26.8649696640229,1.0156739811906452,1.5673981190645223
436,1996-05-01,27.1966359561747,1.012345679012471,1.2345679012470967
437,1996-06-01,27.6112188213835,1.0152439024398778,1.5243902439877832
438,1996-07-01,28.1087182595728,1.018018018016793,1.801801801679304
439,1996-08-01,28.4403845517246,1.011799410029621,1.1799410029621038
440,1996-09-01,28.5233011247816,1.0029154518957435,0.2915451895743493
441,1996-10-01,28.6891342708575,1.0058139534884278,0.5813953488427837
442,1996-11-01,28.9378839899522,1.008670520230629,0.8670520230628975
443,1996-12-01,29.0208005630092,1.0028653295135812,0.2865329513581205
444,1997-01-01,29.0208005630092,1.0,0.0
445,1997-02-01,29.0208005630092,1.0,0.0
446,1997-03-01,29.103717136028,1.0028571428565098,0.2857142856509842
447,1997-04-01,29.352466855161,1.0085470085477526,0.8547008547752588
448,1997-05-01,29.1866337090851,0.994350282485823,-0.5649717514176977
449,1997-06-01,29.4353834281798,1.0085227272721509,0.8522727272150865
450,1997-07-01,29.6841331473127,1.0084507042260833,0.8450704226083294
451,1997-08-01,29.7670497203315,1.002793296088766,0.2793296088765995
452,1997-09-01,29.9328828664074,1.0055710306407233,0.5571030640723285
453,1997-10-01,30.2645491585591,1.0110803324100772,1.108033241007722
454,1997-11-01,30.3474657315779,1.002739726026791,0.2739726026790956
455,1997-12-01,30.8449651698055,1.016393442623116,1.639344262311604
456,1998-01-01,31.8399640462608,1.032258064516452,3.2258064516451856
457,1998-02-01,31.6741309001849,0.9947916666666156,-0.5208333333384441
458,1998-03-01,31.508297754109,0.9947643979057076,-0.5235602094292302
459,1998-04-01,31.7570474732037,1.0078947368415756,0.78947368415756
460,1998-05-01,32.2545469114313,1.0156657963448077,1.5665796344807692
461,1998-06-01,33.0837126418106,1.0257069408742938,2.570694087429381
462,1998-07-01,34.0787115182659,1.030075187970223,3.0075187970223016
463,1998-08-01,34.2445446643417,1.0048661800487064,0.4866180048706425
464,1998-09-01,34.8249606755881,1.016949152541975,1.6949152541974932
465,1998-10-01,35.9028761250622,1.03095238095214,3.0952380952139924
466,1998-11-01,36.317458990271,1.0115473441115042,1.1547344111504154
467,1998-12-01,35.5712098329487,0.979452054794852,-2.054794520514791
468,1999-01-01,34.8249606755881,0.9790209790202478,-2.097902097975224
469,1999-02-01,34.4103778104176,0.9880952380956708,-1.1904761904329098
470,1999-03-01,34.3274612373605,0.9975903614452034,-0.2409638554796589
471,1999-04-01,34.4103778104176,1.0024154589377805,0.2415458937780501
472,1999-05-01,34.7420441025693,1.0096385542169577,0.9638554216957472
473,1999-06-01,34.8249606755881,1.0023866348443402,0.2386634844340207
474,1999-07-01,35.1566269677399,1.0095238095239056,0.9523809523905636
475,1999-08-01,35.3224601138157,1.0047169811321195,0.4716981132119713
476,1999-09-01,35.5712098329487,1.007042253521739,0.7042253521738928
477,1999-10-01,36.2345424172139,1.018648018647113,1.8648018647112965
478,1999-11-01,36.317458990271,1.002288329520003,0.2288329520002685
479,1999-12-01,35.7370429789863,0.9840182648395036,-1.598173516049628
480,2000-01-01,35.7370429789863,1.0,0.0
481,2000-02-01,35.6541264059675,0.9976798143856628,-0.2320185614337333
482,2000-03-01,35.9857926981192,1.009302325581484,0.9302325581483916
483,2000-04-01,36.317458990271,1.009216589861841,0.921658986184104
484,2000-05-01,36.4832921363468,1.0045662100457031,0.4566210045703345
485,2000-06-01,36.6491252824227,1.0045454545454984,0.4545454545498373
486,2000-07-01,36.8978750015174,1.0067873303162844,0.6787330316284423
487,2000-08-01,36.7320418554415,0.995505617977483,-0.4494382022516952
488,2000-09-01,36.8149584284986,1.002257336343659,0.2257336343659099
489,2000-10-01,37.2295412936691,1.0112612612608458,1.1261261260845812
490,2000-11-01,37.3124578667262,1.002227171492741,0.222717149274132
491,2000-12-01,36.9807915745744,0.9911111111110272,-0.8888888888972657
492,2001-01-01,36.8978750015174,0.997757847533096,-0.2242152466904068
493,2001-02-01,36.7320418554415,0.995505617977483,-0.4494382022516952
494,2001-03-01,36.8978750015174,1.0045146726862757,0.45146726862757
495,2001-04-01,37.1466247206503,1.006741573034292,0.6741573034291903
496,2001-05-01,37.395374439745,1.0066964285709763,0.6696428570976298
497,2001-06-01,37.8928738779726,1.0133037694014595,1.3303769401459498
498,2001-07-01,38.3903733162002,1.0131291028447649,1.312910284476465
499,2001-08-01,38.6391230352949,1.0064794816410323,0.6479481641032514
500,2001-09-01,38.5562064622761,0.9978540772536928,-0.2145922746307094
501,2001-10-01,38.8049561813707,1.0064516129027885,0.6451612902788506
502,2001-11-01,39.1366224735225,1.0085470085470944,0.8547008547094448
503,2001-12-01,38.8878727544278,0.993644067797036,-0.6355932202963932
504,2002-01-01,38.7220396083519,0.9957356076758656,-0.4264392324134447
505,2002-02-01,38.6391230352949,0.9978586723763612,-0.2141327623638722
506,2002-03-01,38.8049561813707,1.004291845493603,0.4291845493602952
507,2002-04-01,38.8878727544278,1.002136752137267,0.213675213726705
508,2002-05-01,39.1366224735225,1.0063965884857091,0.6396588485709342
509,2002-06-01,39.4682887656742,1.0084745762712684,0.8474576271268353
510,2002-07-01,39.8828716308448,1.0105042016802908,1.050420168029076
511,2002-08-01,40.1316213499777,1.006237006237548,0.623700623754786
512,2002-09-01,40.2145379229965,1.0020661157020223,0.2066115702022308
513,2002-10-01,40.3803710690724,1.0041237113402484,0.4123711340248359
514,2002-11-01,40.5462042151482,1.0041067761807372,0.4106776180737181
515,2002-12-01,40.1316213499777,0.989775051125116,-1.022494887488412
516,2003-01-01,40.0487047769206,0.9979338842970236,-0.2066115702976545
517,2003-02-01,40.1316213499777,1.0020703933752404,0.2070393375240398
518,2003-03-01,40.3803710690724,1.0061983471070213,0.6198347107021274
519,2003-04-01,40.8778705073,1.0123203285422169,1.2320328542216874
520,2003-05-01,40.960787080357,1.0020283975664093,0.2028397566409268
521,2003-06-01,41.2095367994517,1.0060728744935177,0.6072874493517455
522,2003-07-01,41.5412030916034,1.008048289738508,0.804828973850813
523,2003-08-01,41.3753699455276,0.9960079840318992,-0.3992015968100726
524,2003-09-01,41.3753699455276,1.0,0.0
525,2003-10-01,41.7070362376793,1.008016032064205,0.8016032064205092
526,2003-11-01,41.7899528106981,1.0019880715701368,0.1988071570136806
527,2003-12-01,41.6241196646222,0.9960317460317054,-0.3968253968294588
528,2004-01-01,41.7899528106981,1.003984063745061,0.3984063745060995
529,2004-02-01,41.7899528106981,1.0,0.0
530,2004-03-01,41.7899528106981,1.0,0.0
531,2004-04-01,41.7899528106981,1.0,0.0
532,2004-05-01,42.1216191028499,1.0079365079365894,0.7936507936589399
533,2004-06-01,42.4532853950016,1.0078740157481094,0.787401574810942
534,2004-07-01,42.8678682602104,1.0097656250005471,0.976562500054734
535,2004-08-01,43.2824511253809,1.0096711798835891,0.9671179883589344
536,2004-09-01,43.365367698438,1.001915708812722,0.1915708812721961
537,2004-10-01,43.6141174175327,1.0057361376669165,0.5736137666916497
538,2004-11-01,43.5312008445139,0.9980988593160096,-0.1901140683990276
539,2004-12-01,43.1995345523621,0.9923809523808808,-0.7619047619119246
540,2005-01-01,43.6141174175327,1.0095969289823732,0.9596928982373188
541,2005-02-01,43.5312008445139,0.9980988593160096,-0.1901140683990276
542,2005-03-01,43.5312008445139,1.0,0.0
543,2005-04-01,43.8628671366273,1.0076190476182374,0.7619047618237396
544,2005-05-01,43.6970339905515,0.9962192816634796,-0.3780718336520272
545,2005-06-01,43.8628671366273,1.0037950664136988,0.3795066413698755
546,2005-07-01,44.6091162939879,1.0170132325147858,1.7013232514785814
547,2005-08-01,44.7749494400638,1.0037174721189948,0.3717472118994758
548,2005-09-01,44.9407825861396,1.0037037037037368,0.3703703703736849
549,2005-10-01,45.4382820243672,1.0110701107012106,1.1070110701210556
550,2005-11-01,45.8528648895378,1.0091240875909058,0.9124087590905772
551,2005-12-01,45.6041151704048,0.994575045207486,-0.5424954792514036
552,2006-01-01,45.521198597386,0.9981818181822192,-0.1818181817780706
553,2006-02-01,45.521198597386,1.0,0.0
554,2006-03-01,45.521198597386,1.0,0.0
555,2006-04-01,45.9037296780363,1.0084033613445378,0.8403361344537785
556,2006-05-01,46.2862607586866,1.0083333333333333,0.8333333333333304
557,2006-06-01,47.0513229199872,1.0165289256198349,1.6528925619834656
558,2006-07-01,47.4338540006375,1.008130081300813,0.8130081300812941
559,2006-08-01,47.4338540006375,1.0,0.0
560,2006-09-01,47.8163850812879,1.0080645161290342,0.8064516129034249
561,2006-10-01,48.5814472425885,1.016,1.6000000000000014
562,2006-11-01,48.5814472425885,1.0,0.0
563,2006-12-01,48.5814472425885,1.0,0.0
564,2007-01-01,48.5814472425885,1.0,0.0
565,2007-02-01,48.9639783232388,1.0078740157480313,0.787401574803126
566,2007-03-01,48.5814472425885,0.9921875,-0.7812499999999889
567,2007-04-01,48.9639783232388,1.0078740157480313,0.787401574803126
568,2007-05-01,49.3465094038891,1.0078125,0.78125
569,2007-06-01,49.7290404845394,1.007751937984496,0.7751937984495916
570,2007-07-01,50.49410264584,1.015384615384615,1.538461538461533
571,2007-08-01,50.8766337264903,1.0075757575757571,0.7575757575757347
572,2007-09-01,50.8766337264903,1.0,0.0
573,2007-10-01,51.2591648071406,1.0075187969924813,0.7518796992481258
574,2007-11-01,51.2591648071406,1.0,0.0
575,2007-12-01,51.2591648071406,1.0,0.0
576,2008-01-01,51.2591648071406,1.0,0.0
577,2008-02-01,51.6416958877909,1.007462686567164,0.746268656716409
578,2008-03-01,52.4067580490915,1.0148148148148146,1.4814814814814614
579,2008-04-01,52.7892891297418,1.0072992700729928,0.7299270072992803
580,2008-05-01,53.1718202103921,1.007246376811594,0.7246376811594013
581,2008-06-01,53.5543512910424,1.0071942446043165,0.7194244604316502
582,2008-07-01,54.7019445329933,1.0214285714285714,2.1428571428571352
583,2008-08-01,55.4670066942939,1.013986013986014,1.3986013986013957
584,2008-09-01,55.8495377749442,1.006896551724138,0.6896551724137945
585,2008-10-01,56.6145999362448,1.013698630136986,1.3698630136986134
586,2008-11-01,56.6145999362448,1.0,0.0
587,2008-12-01,56.2320688555945,0.9932432432432432,-0.6756756756756799
588,2009-01-01,56.6145999362448,1.0068027210884354,0.6802721088435382
589,2009-02-01,56.6145999362448,1.0,0.0
590,2009-03-01,56.6145999362448,1.0,0.0
591,2009-04-01,57.3796620975454,1.0135135135135134,1.3513513513513375
592,2009-05-01,57.7621931781957,1.0066666666666666,0.6666666666666599
593,2009-06-01,58.5272553394963,1.0132450331125826,1.3245033112582627
594,2009-07-01,61.2049729040485,1.0457516339869295,4.57516339869295
595,2009-08-01,61.9700350653491,1.0125,1.2499999999999956
596,2009-09-01,62.3525661459994,1.0061728395061726,0.6172839506172645
597,2009-10-01,63.1176283073,1.012269938650307,1.2269938650306678
598,2009-11-01,64.2652215492509,1.018181818181818,1.8181818181817853
599,2009-12-01,64.6477526299012,1.0059523809523812,0.5952380952381153
600,2010-01-01,65.7953458718521,1.0177514792899407,1.7751479289940697
601,2010-02-01,65.0302837105515,0.9883720930232558,-1.162790697674421
602,2010-03-01,65.0302837105515,1.0,0.0
603,2010-04-01,65.0302837105515,1.0,0.0
604,2010-05-01,65.7953458718521,1.011764705882353,1.17647058823529
605,2010-06-01,66.5604080331527,1.011627906976744,1.1627906976743985
606,2010-07-01,68.0905323557539,1.0229885057471262,2.2988505747126187
607,2010-08-01,68.0905323557539,1.0,0.0
608,2010-09-01,68.4730634364042,1.00561797752809,0.5617977528090012
609,2010-10-01,69.2381255977048,1.0111731843575418,1.1173184357541777
610,2010-11-01,69.6206566783551,1.0055248618784531,0.5524861878453136
611,2010-12-01,70.768249920306,1.0164835164835164,1.6483516483516425
612,2011-01-01,71.9158431622569,1.016216216216216,1.621621621621605
613,2011-02-01,70.768249920306,0.9840425531914896,-1.5957446808510525
614,2011-03-01,70.768249920306,1.0,0.0
615,2011-04-01,71.1507810009563,1.0054054054054054,0.540540540540535
616,2011-05-01,71.5333120816066,1.0053763440860215,0.5376344086021501
617,2011-06-01,72.2983742429072,1.0106951871657754,1.0695187165775444
618,2011-07-01,73.8284985655084,1.021164021164021,2.116402116402094
619,2011-08-01,74.2110296461587,1.005181347150259,0.5181347150259086
620,2011-09-01,75.3586228881097,1.0154639175257745,1.546391752577447
621,2011-10-01,75.74115396876,1.0050761421319796,0.50761421319796
622,2011-11-01,76.1236850494102,1.0050505050505036,0.505050505050364
623,2011-12-01,75.3586228881097,0.98994974874372,-1.0050251256279896
624,2012-01-01,75.74115396876,1.0050761421319796,0.50761421319796
625,2012-02-01,76.1236850494102,1.0050505050505036,0.505050505050364
626,2012-03-01,76.8887472107109,1.0100502512562828,1.0050251256282785
627,2012-04-01,78.4188715333121,1.0199004975124375,1.9900497512437496
628,2012-05-01,78.8014026139624,1.0048780487804878,0.4878048780487809
629,2012-06-01,79.566464775263,1.0097087378640777,0.9708737864077666
630,2012-07-01,81.0965890978642,1.019230769230769,1.923076923076894
631,2012-08-01,81.8616512591648,1.0094339622641508,0.943396226415083
632,2012-09-01,82.2441823398151,1.0046728971962615,0.4672897196261516
633,2012-10-01,83.0092445011157,1.009302325581395,0.930232558139532
634,2012-11-01,83.391775581766,1.0046082949308754,0.4608294930875445
635,2012-12-01,83.7743066624163,1.0045871559633026,0.4587155963302614
636,2013-01-01,84.5393688237169,1.009132420091324,0.9132420091324088
637,2013-02-01,85.3044309850175,1.009049773755656,0.9049773755656076
638,2013-03-01,85.6869620656678,1.0044843049327354,0.4484304932735439
639,2013-04-01,86.4520242269684,1.0089285714285714,0.8928571428571397
640,2013-05-01,87.217086388269,1.0088495575221237,0.8849557522123686
641,2013-06-01,88.36467963022,1.0131578947368431,1.3157894736843143
642,2013-07-01,89.8948039528212,1.0173160173160174,1.7316017316017396
643,2013-08-01,90.6598661141218,1.008510638297872,0.8510638297872131
644,2013-09-01,91.0423971947721,1.0042194092827004,0.421940928270037
645,2013-10-01,92.189990436723,1.012605042016807,1.2605042016806678
646,2013-11-01,92.9550525980236,1.008298755186722,0.8298755186721962
647,2013-12-01,91.4249282754224,0.983539094650206,-1.6460905349794053
648,2014-01-01,90.6598661141218,0.99163179916318,-0.8368200836820106
649,2014-02-01,91.0423971947721,1.0042194092827004,0.421940928270037
650,2014-03-01,91.4249282754224,1.004201680672269,0.4201680672268892
651,2014-04-01,92.5725215173733,1.01255230125523,1.2552301255229992
652,2014-05-01,93.3375836786739,1.008264462809917,0.8264462809917106
653,2014-06-01,94.1026458399745,1.0081967213114753,0.8196721311475308
654,2014-07-01,96.3978323238763,1.0243902439024388,2.4390243902438824
655,2014-08-01,96.7803634045266,1.003968253968254,0.3968253968253954
656,2014-09-01,96.7803634045266,1.0,0.0
657,2014-10-01,96.7803634045266,1.0,0.0
658,2014-11-01,96.7803634045266,1.0,0.0
659,2014-12-01,96.7803634045266,1.0,0.0
660,2015-01-01,97.1628944851769,1.0039525691699605,0.3952569169960451
661,2015-02-01,96.7803634045266,0.996062992125984,-0.3937007874015852
662,2015-03-01,97.1628944851769,1.0039525691699605,0.3952569169960451
663,2015-04-01,97.9279566464775,1.0078740157480313,0.787401574803126
664,2015-05-01,98.6930188077781,1.0078125,0.78125
665,2015-06-01,99.840612049729,1.0116279069767442,1.162790697674421
666,2015-07-01,100.60567421103,1.0076628352490462,0.7662835249046207
667,2015-08-01,100.98820529168,1.0038022813688183,0.3802281368818327
668,2015-09-01,101.753267452981,1.0075757575757616,0.7575757575761566
669,2015-10-01,102.900860694931,1.011278195488713,1.1278195488712672
670,2015-11-01,103.283391775582,1.003717472118966,0.3717472118965892
671,2015-12-01,102.900860694931,0.9962962962962896,-0.3703703703710537
672,2016-01-01,102.900860694931,1.0,0.0
673,2016-02-01,102.135798533631,0.9925650557620876,-0.7434944237912355
674,2016-03-01,102.518329614281,1.0037453183520568,0.3745318352056825
675,2016-04-01,103.665922856232,1.0111940298507471,1.1194029850747134
676,2016-05-01,105.196047178833,1.014760147601474,1.4760147601474038
677,2016-06-01,105.961109340134,1.007272727272731,0.7272727272731094
678,2016-07-01,107.108702582085,1.010830324909748,1.0830324909748112
679,2016-08-01,106.343640420784,0.9928571428571392,-0.7142857142860892
680,2016-09-01,105.961109340134,0.9964028776978446,-0.3597122302155364
681,2016-10-01,106.343640420784,1.0036101083032465,0.3610108303246262
682,2016-11-01,105.961109340134,0.9964028776978446,-0.3597122302155364
683,2016-12-01,105.196047178833,0.992779783393498,-0.7220216606501961
684,2017-01-01,104.813516098183,0.9963636363636392,-0.3636363636360773
685,2017-02-01,104.813516098183,1.0,0.0
686,2017-03-01,105.196047178833,1.0036496350364934,0.3649635036493404
687,2017-04-01,105.961109340134,1.007272727272731,0.7272727272731094
688,2017-05-01,106.343640420784,1.0036101083032465,0.3610108303246262
689,2017-06-01,107.108702582085,1.0071942446043205,0.7194244604320277
690,2017-07-01,109.021357985336,1.017857142857138,1.7857142857137909
691,2017-08-01,109.021357985336,1.0,0.0
692,2017-09-01,109.021357985336,1.0,0.0
693,2017-10-01,109.786420146637,1.0070175438596527,0.7017543859652697
694,2017-11-01,110.168951227287,1.0034843205574886,0.3484320557488596
695,2017-12-01,109.403889065987,0.9930555555555612,-0.6944444444438869
696,2018-01-01,110.168951227287,1.006993006993001,0.6993006993001316
697,2018-02-01,109.786420146637,0.9965277777777806,-0.3472222222219434
698,2018-03-01,109.786420146637,1.0,0.0
699,2018-04-01,110.168951227287,1.0034843205574886,0.3484320557488596
700,2018-05-01,110.551482307938,1.0034722222222283,0.3472222222228538
701,2018-06-01,111.316544469238,1.0069204152249078,0.6920415224907828
702,2018-07-01,115.141855275741,1.0343642611683843,3.4364261168384536
703,2018-08-01,115.141855275741,1.0,0.0
704,2018-09-01,115.141855275741,1.0,0.0
705,2018-10-01,115.524386356391,1.00332225913621,0.3322259136210093
706,2018-11-01,115.524386356391,1.0,0.0
707,2018-12-01,115.141855275741,0.9966887417218568,-0.3311258278143159
708,2019-01-01,117.437041759643,1.0199335548172774,1.9933554817277432
709,2019-02-01,117.437041759643,1.0,0.0
710,2019-03-01,118.202103920944,1.0065146579804594,0.651465798045936
711,2019-04-01,119.349697162894,1.00970873786407,0.9708737864069894
712,2019-05-01,120.114759324195,1.0064102564102595,0.6410256410259718
713,2019-06-01,120.879821485496,1.0063694267515957,0.6369426751595464
714,2019-07-01,122.027414727447,1.0094936708860769,0.9493670886076666
715,2019-08-01,122.409945808097,1.0031347962382422,0.3134796238242199
716,2019-09-01,123.175007969398,1.0062500000000032,0.6250000000003197
717,2019-10-01,124.322601211348,1.009316770186328,0.9316770186327928
718,2019-11-01,125.470194453299,1.00923076923077,0.9230769230770042
719,2019-12-01,126.2352566146,1.0060975609756129,0.609756097561287
720,2020-01-01,126.2352566146,,
